6.754999999999999716e+01
9.384000000000000341e+01
1.241400000000000006e+02
1.365999999999999943e+02
1.493499999999999943e+02
1.558499999999999943e+02
1.665699999999999932e+02
1.704399999999999977e+02
1.867299999999999898e+02
1.946599999999999966e+02
1.979300000000000068e+02
2.052800000000000011e+02
2.203700000000000045e+02
2.335399999999999920e+02
2.488300000000000125e+02
2.458899999999999864e+02
2.557899999999999920e+02
2.716399999999999864e+02
2.874599999999999795e+02
2.925500000000000114e+02
2.992599999999999909e+02
3.455799999999999841e+02
3.433500000000000227e+02
3.803100000000000023e+02
3.889900000000000091e+02
4.055299999999999727e+02
4.162699999999999818e+02
4.293500000000000227e+02
4.377099999999999795e+02
4.630299999999999727e+02
4.985500000000000114e+02
5.378500000000000227e+02
5.241799999999999500e+02
5.253899999999999864e+02
5.747599999999999909e+02
5.760800000000000409e+02
6.351399999999999864e+02
6.578200000000000500e+02
6.798600000000000136e+02
6.897599999999999909e+02
7.242500000000000000e+02
7.494299999999999500e+02
7.554900000000000091e+02
7.793700000000000045e+02
8.303799999999999955e+02
8.336499999999999773e+02
8.783700000000000045e+02
9.087599999999999909e+02
8.848300000000000409e+02
8.829199999999999591e+02
8.973999999999999773e+02
9.168400000000000318e+02
9.474900000000000091e+02
9.469500000000000455e+02
9.441299999999999955e+02
9.473700000000000045e+02
9.362599999999999909e+02
9.482300000000000182e+02
9.539800000000000182e+02
9.607000000000000455e+02
9.597200000000000273e+02
9.682100000000000364e+02
9.696900000000000546e+02
9.635399999999999636e+02
9.611799999999999500e+02
9.660599999999999454e+02
9.579400000000000546e+02
9.505199999999999818e+02
9.707699999999999818e+02
9.662799999999999727e+02
9.618099999999999454e+02
9.642899999999999636e+02
9.687000000000000455e+02
9.621200000000000045e+02
9.650700000000000500e+02
9.688300000000000409e+02
9.721399999999999864e+02
9.716299999999999955e+02
9.703400000000000318e+02
9.657400000000000091e+02
9.692300000000000182e+02
9.673300000000000409e+02
9.734299999999999500e+02
9.686499999999999773e+02
9.622300000000000182e+02
9.689199999999999591e+02
9.737500000000000000e+02
9.680099999999999909e+02
9.564600000000000364e+02
9.568300000000000409e+02
9.739099999999999682e+02
9.700499999999999545e+02
9.812999999999999545e+02
9.813500000000000227e+02
9.761900000000000546e+02
9.811499999999999773e+02
9.720099999999999909e+02
9.809600000000000364e+02
9.726599999999999682e+02
9.700399999999999636e+02
