7.279999999999999716e+01
9.950000000000000000e+01
1.137900000000000063e+02
1.275900000000000034e+02
1.270799999999999983e+02
1.385900000000000034e+02
1.414499999999999886e+02
1.407500000000000000e+02
1.478000000000000114e+02
1.548100000000000023e+02
1.595300000000000011e+02
1.713400000000000034e+02
1.735399999999999920e+02
1.764399999999999977e+02
1.862199999999999989e+02
1.936899999999999977e+02
2.085399999999999920e+02
2.012400000000000091e+02
1.977500000000000000e+02
2.232500000000000000e+02
2.260300000000000011e+02
2.384799999999999898e+02
2.399199999999999875e+02
2.416999999999999886e+02
2.506899999999999977e+02
2.597699999999999818e+02
2.681499999999999773e+02
2.838199999999999932e+02
2.912099999999999795e+02
2.866800000000000068e+02
3.008100000000000023e+02
3.152300000000000182e+02
3.322099999999999795e+02
3.365099999999999909e+02
3.496899999999999977e+02
3.493500000000000227e+02
3.602699999999999818e+02
4.015600000000000023e+02
3.890400000000000205e+02
4.081499999999999773e+02
4.166999999999999886e+02
4.425400000000000205e+02
4.353000000000000114e+02
4.575799999999999841e+02
5.017300000000000182e+02
5.215700000000000500e+02
5.363500000000000227e+02
5.361000000000000227e+02
5.650199999999999818e+02
5.833300000000000409e+02
5.822400000000000091e+02
6.091799999999999500e+02
6.425399999999999636e+02
6.897400000000000091e+02
7.093099999999999454e+02
7.057999999999999545e+02
7.125399999999999636e+02
7.323500000000000227e+02
7.411699999999999591e+02
7.565000000000000000e+02
7.623400000000000318e+02
8.101699999999999591e+02
8.178700000000000045e+02
8.165299999999999727e+02
8.227300000000000182e+02
8.480800000000000409e+02
8.514099999999999682e+02
8.496900000000000546e+02
8.451699999999999591e+02
8.489400000000000546e+02
8.762100000000000364e+02
8.784199999999999591e+02
8.817799999999999727e+02
9.079600000000000364e+02
9.076100000000000136e+02
9.028200000000000500e+02
9.076299999999999955e+02
9.029400000000000546e+02
9.190399999999999636e+02
9.318999999999999773e+02
9.199500000000000455e+02
9.215099999999999909e+02
9.353899999999999864e+02
9.349500000000000455e+02
9.337300000000000182e+02
9.387300000000000182e+02
9.444400000000000546e+02
9.400199999999999818e+02
9.477500000000000000e+02
9.320700000000000500e+02
9.427899999999999636e+02
9.465700000000000500e+02
9.535900000000000318e+02
9.476799999999999500e+02
9.460499999999999545e+02
9.423600000000000136e+02
9.431900000000000546e+02
9.576100000000000136e+02
9.529800000000000182e+02
9.555499999999999545e+02
