-4.199254274456862279e-01
-3.458777150295893055e-01
1.427614323927423601e-01
6.335046831373276899e-02
1.554930373715619207e-01
1.415541234291366468e-01
3.176727024957034518e-01
2.894787563317010037e-01
2.467096977173111605e-01
3.301725782320278912e-01
3.883139939652370254e-01
3.698412906723456683e-01
4.203958908543402595e-01
4.985574275220593932e-01
5.221396272919903714e-01
5.664482863728292905e-01
4.696090960339767140e-01
6.666495577747916235e-01
4.698459032814803482e-01
7.684699542787345461e-01
8.040061700460329197e-01
7.467594036988703943e-01
8.553284425169169758e-01
8.061171502244510734e-01
1.120006777734799730e+00
9.337201575530835740e-01
1.069133357351153002e+00
1.113297443969779588e+00
1.162957445372681864e+00
1.341812680054939255e+00
1.121885506729176862e+00
1.256272970367284803e+00
1.176151486860294915e+00
1.541199142680889311e+00
1.876959305148561796e+00
1.887613855263160278e+00
1.903800697896229410e+00
2.056822117210882261e+00
2.345858974556395804e+00
2.268009322229749269e+00
2.262901536552481829e+00
2.428685983254802672e+00
2.600838009243539695e+00
2.457041296161724730e+00
2.709613339220135142e+00
2.491297472116842382e+00
2.867200425804623976e+00
3.018863139654961447e+00
2.954161171998824109e+00
2.815581821200199286e+00
2.905412270014736453e+00
3.092548703375945784e+00
3.231263895046236456e+00
3.310090018459130867e+00
3.369268899650399884e+00
3.223709417321257042e+00
3.428413732690167581e+00
3.460061472520046699e+00
3.550516821324283256e+00
3.620062279461469856e+00
3.537681838638276677e+00
3.380274435061975780e+00
3.531103080156560381e+00
3.571891902590277112e+00
3.581787204268063629e+00
3.498856123990603972e+00
3.421450315310881951e+00
3.684214306388601479e+00
3.611765728141407283e+00
3.599799775463321083e+00
3.721149410401707769e+00
3.699053843242617656e+00
3.683904701386828684e+00
3.497748016120979742e+00
3.605638869698407412e+00
3.707288333062122021e+00
3.670515682062430951e+00
3.664959005277286241e+00
3.736894311250541278e+00
3.605916875910129438e+00
3.580682644424219241e+00
3.624322777792184702e+00
3.667839856680121358e+00
3.684462100877444080e+00
3.710658345205706254e+00
3.609687923267496323e+00
3.612796410672495906e+00
3.528923663699931268e+00
3.437243989768717700e+00
3.695276527812132006e+00
3.607623607471434735e+00
3.555986735961541356e+00
3.650094424315691199e+00
3.512284719336224104e+00
3.729814758458714241e+00
3.735540045232804029e+00
3.658897902538430280e+00
3.707604625489024031e+00
3.681605390679148382e+00
3.768923822733504458e+00
3.621102283000827260e+00
3.728698877865525230e+00
3.639820328115916936e+00
3.981640025823089513e+00
3.517778767094239534e+00
3.681942818156898500e+00
3.733279610509157465e+00
3.749663135832830285e+00
3.612346496285107289e+00
3.672514246500197643e+00
3.717006999233889442e+00
3.767168153731366154e+00
3.583801297952910581e+00
3.646974432500994734e+00
3.637933526563393194e+00
3.635659497212232250e+00
3.624578899016452027e+00
3.623835526224681303e+00
3.726388813522247379e+00
3.695835643553797567e+00
3.764181754748737063e+00
3.797007131899530208e+00
3.783817033942213914e+00
3.741470543849690689e+00
3.726051817507526565e+00
3.800667335110139433e+00
3.662691585477487077e+00
3.624486550318523737e+00
3.563200701042063656e+00
3.615465613021523250e+00
3.689140564083961848e+00
3.795512920462563056e+00
3.555976934357614194e+00
3.665147714723889116e+00
3.582592729490511552e+00
3.686740712327497338e+00
3.602076632083917040e+00
3.535875178974929867e+00
3.601484940706979554e+00
3.755368821400319135e+00
3.605839124721624156e+00
3.707678714992206803e+00
3.546111588074329024e+00
3.669434496776580179e+00
3.708103497635267587e+00
3.613150883768688093e+00
3.632072306823965757e+00
3.650446854403904595e+00
3.667516129999120356e+00
3.563791033601855229e+00
3.882880357048090314e+00
3.661967111426447374e+00
3.724740608913525541e+00
3.655247758584238671e+00
3.549445362381737468e+00
3.764065317373496811e+00
3.749872309041025087e+00
3.552968493403073413e+00
3.641361521679769453e+00
3.616460621619793425e+00
3.628621519753565394e+00
3.650934715154024790e+00
3.756598056760077853e+00
3.584661762987796152e+00
3.644202293552472938e+00
3.698366573146158576e+00
3.575982346082633878e+00
3.767491500363092438e+00
3.695589147147145592e+00
3.584192984756927380e+00
3.759050598281369115e+00
3.674140583790161951e+00
3.660387920542651941e+00
3.774711781749716888e+00
3.772275999728635920e+00
3.769109833035761969e+00
3.624165841246881570e+00
3.626656419594307845e+00
3.770718140799696805e+00
3.675759105485229661e+00
3.641155066498890758e+00
3.712274114480394349e+00
3.651725410386686743e+00
3.719801150459080219e+00
3.720984285690191573e+00
3.796521442160280202e+00
3.557784836549730656e+00
3.735736923207229054e+00
3.664921801586832562e+00
3.747004550394263056e+00
3.670696411734443831e+00
3.748521145523140863e+00
3.585256379851343045e+00
3.802325100142253778e+00
3.824328636276782323e+00
3.697383850082516243e+00
3.637648293536743349e+00
3.564099568338947588e+00
3.664974067122211743e+00
3.605568758690553377e+00
3.668369260906264362e+00
3.464598730483390288e+00
3.687251036897754020e+00
3.671883280428830165e+00
3.677305056877046230e+00
3.757865778620358199e+00
3.690088863695583754e+00
3.575611813691629504e+00
3.721525233953128176e+00
3.562891225073960388e+00
3.593911289471353854e+00
3.625583586653362556e+00
3.663743719623161699e+00
3.774330941955946983e+00
3.628552479551096166e+00
3.757324330044414129e+00
3.660492976039981361e+00
3.678814743890966188e+00
3.706514464849020474e+00
3.697943069093111657e+00
3.607114748740260168e+00
3.682867922749769818e+00
3.797684860268827123e+00
3.553563437254760426e+00
3.811344126221998252e+00
3.634612569874100085e+00
3.560492052177177680e+00
3.755728045241221835e+00
3.616423820135275857e+00
3.438499497453201048e+00
3.653025987224977289e+00
3.724243993352773785e+00
3.795322094139888858e+00
3.828096760213230532e+00
3.724508863991453644e+00
3.656699211041725572e+00
3.562112667274377475e+00
3.657818665896052313e+00
3.636920385448594306e+00
3.721870485976909837e+00
3.648856579175502102e+00
3.738058892831006563e+00
3.679193825009595464e+00
3.654700186831219000e+00
3.592591049130421599e+00
3.766330701306529249e+00
3.688109699041149270e+00
3.599935712743032923e+00
3.719988756929288876e+00
3.534284329468353025e+00
3.753980952740159083e+00
3.652368425085305237e+00
3.674074379018557046e+00
3.730437550585175011e+00
3.599607923521675801e+00
3.521998341305742297e+00
3.788360219298808840e+00
3.631322596299008776e+00
3.701874940139818992e+00
3.686959369860028257e+00
3.639964233608010691e+00
3.779845222238932489e+00
3.689762948147085719e+00
3.731996600975024947e+00
3.544613246657254635e+00
3.629946268489427474e+00
3.621763961368567930e+00
3.761207665101959918e+00
3.715743464688845865e+00
3.634838624430764664e+00
3.555602265433149611e+00
3.625314415072752983e+00
3.714325137335357407e+00
3.574091739373033150e+00
3.666448758870508140e+00
3.672382087397383366e+00
3.695577337339838842e+00
3.690728682698466656e+00
3.656662300541924537e+00
3.700981406169745025e+00
3.715303212447701675e+00
3.678434808418034052e+00
3.649829891375063529e+00
3.723443289188756999e+00
3.601798637538897729e+00
3.619475315650242386e+00
3.710874922036896173e+00
3.758721115274842539e+00
3.725175101458909843e+00
3.664720853392455346e+00
3.670059237917842498e+00
3.713682928329881783e+00
3.757295957734383851e+00
3.739631392991010994e+00
3.637742343003233625e+00
3.503444028969805668e+00
3.673915961339363712e+00
3.660662482127068351e+00
3.688570085870872983e+00
3.693761225668394044e+00
3.638691293017763506e+00
