-3.937683085502458047e-01
4.190361022368767341e-02
5.685881260442907960e-03
7.248715085033935468e-02
5.053333025825477304e-02
2.241371228739134358e-01
1.718918169649828742e-01
2.152616324976862616e-01
2.095250854187888367e-01
3.616747968366998967e-01
3.146252544989073252e-01
4.726888137035134552e-01
3.420595083875010434e-01
5.284712652174635705e-01
4.037011809441388710e-01
5.689413268753209518e-01
7.864408968586805715e-01
7.921861372634468879e-01
6.483182686486399504e-01
6.017415045628357051e-01
9.524854150859515256e-01
6.171194647189185423e-01
9.019138356445111082e-01
9.167354782654942857e-01
1.099429371838382741e+00
1.061768520282953210e+00
1.283242080515251793e+00
1.421077190581526484e+00
1.394576369154442164e+00
1.577468837573416716e+00
1.674792107835554322e+00
1.734891454893408902e+00
1.626507035562064329e+00
1.656034513861117663e+00
2.126207867106354676e+00
2.003880518079644624e+00
2.196482478368582569e+00
2.191349830614662153e+00
2.328852465836837471e+00
2.244678843008905300e+00
2.444258118604593299e+00
2.423709273843656309e+00
2.653097347250648497e+00
2.406110259683921893e+00
2.602569603104301077e+00
2.623810283588998260e+00
3.026186974437075072e+00
2.882258987554962459e+00
2.981786414911108629e+00
3.059250529999770762e+00
2.903334285074649301e+00
2.965479756536272049e+00
3.172067762969480675e+00
3.279054636849389581e+00
3.048807275379652015e+00
3.329413077569289392e+00
3.369881335510608089e+00
3.375750206808892262e+00
3.506005013876842380e+00
3.324309104954480620e+00
3.472121278798172561e+00
3.392898657677547281e+00
3.381806675149014563e+00
3.379262585278815401e+00
3.348594907961173206e+00
3.549955736811435170e+00
3.515692466228555801e+00
3.365788222808491437e+00
3.481283093137933715e+00
3.387258681749080402e+00
3.380577995518256884e+00
3.434841619308059535e+00
3.408099673089779902e+00
3.529011409273855371e+00
3.560152288123314968e+00
3.470226551557885397e+00
3.445403226180900891e+00
3.242981878568313991e+00
3.487455243474658850e+00
3.584964569457900652e+00
3.436555761548120369e+00
3.550788987614831083e+00
3.433420722254134638e+00
3.556819594441340548e+00
3.559211821067559178e+00
3.416068525456489535e+00
3.579763405484551964e+00
3.477476503857258372e+00
3.414460882656813467e+00
3.390817846190147922e+00
3.458896113590171240e+00
3.552784636353068848e+00
3.483037682537511337e+00
3.628922267998865969e+00
3.547545482539744111e+00
3.627362169031552952e+00
3.440862556628804469e+00
3.415291880785908951e+00
3.681181869524460915e+00
3.350467370096370079e+00
3.441382218064348297e+00
